0 0 1 0
1 0 1 1
7 0 1 1
2 0 1 2
10 0 1 2
1 0 2 0
0 0 2 1
4 0 2 1
2 0 2 2
11 0 2 2
2 0 3 0
0 0 3 1
5 0 3 1
1 0 3 2
8 0 3 2
3 1 0 0
4 1 0 1
6 1 0 1
5 1 0 2
9 1 0 2
4 1 2 0
3 1 2 1
1 1 2 1
5 1 2 2
11 1 2 2
5 1 3 0
3 1 3 1
2 1 3 1
4 1 3 2
8 1 3 2
6 2 0 0
7 2 0 1
3 2 0 1
8 2 0 2
9 2 0 2
7 2 1 0
6 2 1 1
0 2 1 1
8 2 1 2
10 2 1 2
8 2 3 0
7 2 3 1
5 2 3 1
6 2 3 2
2 2 3 2
9 3 0 0
11 3 0 1
6 3 0 1
10 3 0 2
3 3 0 2
10 3 1 0
9 3 1 1
0 3 1 1
11 3 1 2
7 3 1 2
11 3 2 0
9 3 2 1
1 3 2 1
10 3 2 2
4 3 2 2