0 0 1 0
1 0 1 1
9 0 1 1
1 0 2 0
0 0 2 1
5 0 2 1
1 0 3 0
10 0 3 0
2 0 3 1
21 0 3 1
0 0 4 0
6 0 4 0
2 0 4 1
22 0 4 1
2 0 5 0
3 0 5 1
25 0 5 1
3 0 6 0
2 0 6 1
23 0 6 1
0 0 7 0
7 0 7 0
3 0 7 1
26 0 7 1
1 0 8 0
11 0 8 0
3 0 8 1
27 0 8 1
4 1 0 0
5 1 0 1
8 1 0 1
5 1 2 0
4 1 2 1
1 1 2 1
5 1 3 0
10 1 3 0
6 1 3 1
17 1 3 1
6 1 4 0
7 1 4 1
29 1 4 1
4 1 5 0
2 1 5 0
6 1 5 1
18 1 5 1
4 1 6 0
3 1 6 0
7 1 6 1
30 1 6 1
7 1 7 0
6 1 7 1
19 1 7 1
5 1 8 0
11 1 8 0
7 1 8 1
31 1 8 1
8 2 0 0
9 2 0 1
4 2 0 1
9 2 1 0
8 2 1 1
0 2 1 1
10 2 3 0
11 2 3 1
33 2 3 1
9 2 4 0
6 2 4 0
10 2 4 1
13 2 4 1
8 2 5 0
2 2 5 0
10 2 5 1
14 2 5 1
8 2 6 0
3 2 6 0
11 2 6 1
34 2 6 1
9 2 7 0
7 2 7 0
11 2 7 1
35 2 7 1
11 2 8 0
10 2 8 1
15 2 8 1
12 3 0 0
8 3 0 0
14 3 0 1
20 3 0 1
12 3 1 0
9 3 1 0
13 3 1 1
16 3 1 1
12 3 2 0
15 3 2 1
32 3 2 1
13 3 4 0
14 3 4 1
22 3 4 1
14 3 5 0
13 3 5 1
18 3 5 1
14 3 6 0
23 3 6 0
15 3 6 1
34 3 6 1
13 3 7 0
19 3 7 0
15 3 7 1
35 3 7 1
15 3 8 0
12 3 8 1
11 3 8 1
16 4 0 0
4 4 0 0
18 4 0 1
20 4 0 1
16 4 1 0
19 4 1 1
28 4 1 1
16 4 2 0
5 4 2 0
17 4 2 1
12 4 2 1
17 4 3 0
18 4 3 1
21 4 3 1
18 4 5 0
17 4 5 1
14 4 5 1
18 4 6 0
23 4 6 0
19 4 6 1
30 4 6 1
19 4 7 0
16 4 7 1
7 4 7 1
17 4 8 0
15 4 8 0
19 4 8 1
31 4 8 1
20 5 0 0
23 5 0 1
24 5 0 1
20 5 1 0
0 5 1 0
22 5 1 1
16 5 1 1
20 5 2 0
1 5 2 0
21 5 2 1
12 5 2 1
21 5 3 0
22 5 3 1
17 5 3 1
22 5 4 0
21 5 4 1
13 5 4 1
23 5 6 0
20 5 6 1
3 5 6 1
22 5 7 0
19 5 7 0
23 5 7 1
26 5 7 1
21 5 8 0
15 5 8 0
23 5 8 1
27 5 8 1
24 6 0 0
25 6 0 1
20 6 0 1
24 6 1 0
0 6 1 0
26 6 1 1
28 6 1 1
24 6 2 0
1 6 2 0
27 6 2 1
32 6 2 1
25 6 3 0
21 6 3 0
27 6 3 1
33 6 3 1
25 6 4 0
22 6 4 0
26 6 4 1
29 6 4 1
25 6 5 0
24 6 5 1
2 6 5 1
26 6 7 0
27 6 7 1
35 6 7 1
27 6 8 0
26 6 8 1
31 6 8 1
28 7 0 0
4 7 0 0
30 7 0 1
24 7 0 1
28 7 1 0
29 7 1 1
16 7 1 1
28 7 2 0
5 7 2 0
31 7 2 1
32 7 2 1
29 7 3 0
17 7 3 0
31 7 3 1
33 7 3 1
29 7 4 0
28 7 4 1
6 7 4 1
29 7 5 0
18 7 5 0
30 7 5 1
25 7 5 1
30 7 6 0
31 7 6 1
34 7 6 1
31 7 8 0
30 7 8 1
27 7 8 1
32 8 0 0
8 8 0 0
34 8 0 1
24 8 0 1
32 8 1 0
9 8 1 0
35 8 1 1
28 8 1 1
32 8 2 0
33 8 2 1
12 8 2 1
33 8 3 0
32 8 3 1
10 8 3 1
33 8 4 0
13 8 4 0
35 8 4 1
29 8 4 1
33 8 5 0
14 8 5 0
34 8 5 1
25 8 5 1
34 8 6 0
35 8 6 1
30 8 6 1
35 8 7 0
34 8 7 1
26 8 7 1